..21-

lectionibus levioribus ab 511545 cla-sse discrepantibus 1); Ι 31,
50, 89, 101, 158, 247, 254, 350, 359, 360, 388, 389, 408 (51.
51451422, 424, 455 cinai, 462, 445, 555, 531, 579, 588
volitantis, 599, 608, 614, 633 (51. 51414), 648 (51. 51414), 675,
681. -— 11 54 (51. 51414). 69, 85, 97 meus, 101, 121, 126 (51.
51414), 133, 156, 198, 211 (5151414), 218, 222, 264 mollet,
292, 296, 310 (51. 51414), (312), 344, 345 (51. 51414), 346, 360
(51. 51414), (361, 51. 51414), 383, 394, 403, 481, 519, 522, 525
(51. 51414), 535, 537, 570 quos fmilit, 609 concessit, 614 551-
cum, 624, 625, 631 Tune, 653, 654, 690 perducat. - III 23,
50, 56, 66, 70 lybiae, 84, 96 (51. 51414), 124, 140, 177,.178,
197, 235 (bis), 246, (251), 258, 270 (51. 51414), 284, 287, 325,
(347), 348, 362 robore, 379, 389, 422, 437, 475, 479 (51. ’
51414), 484, 524, 533, 542, 547, 550, 554 hoe, 563, 573, 575,
598, 609, 613, 648 incumbit, 672, 694, 702, 738 (51. 51414), ·
748. - IV 30, 40, 61, 85, 87, 102, 104, 118 (bis), 131, 147,
169, 171 (deest), 186 bellum, 187, 196, 222, 283, 290, 299,
317, 318 temere -- medulla, 329 sill, 362, 370, 382, 385, 399,
407, 473, 484, 489, 490155515551, 563, 573, 600, 613 per-
155511, 616, 632, 652, 675, 699, 703, 771, 776. - V* 55, 61
accipit, 78, 96, 107, 110, 142, 162, 175 stimulos, 189197
que om, 210 loemlae, 218, 284, 301 demittere, 329, 338, 375,
398, 420, 456, diet, 461, 500, 517, 569 meroe, 576, 616, 680,
681, 696, 733, 740 tell, 749, 750, 758, 761 (51. 51414), 772
etiamnum, 785, 794, 795 5551545445- vale deest, 805, 808.
- V16, 15, 24, 27, 291115, 32, 6211115, 94 (51. 51414), 109,
112 (51. 41414), 123, 154, 161, 164166, 178, 190, 211, 219,
263 55, 2915541511, 292, (294), (330), 354, 384, 410, 432,
444, 451, 481, 496, 500, 504, 508, 534, 535, 559, 568 (51.
51414), (574), 617 At, 602, 622 me, 683, (710), 730 securaque
meaaera, 732, 739, 741, 757 semel, 759, 769, 775, 781 (bis),

1) Numerum versuum lantum adscripsi, ubi apparatu Hosn
editionis critico collato dubium non 5555 poterat, quum 1556555546
cum Paulinis codicibus communem haberet.

 

